,Time,Anomaly (deg C),Lower confidence limit (2.5%),Upper confidence limit (97.5%)
141,1991,0.33889654,0.30403617,0.3737569
142,1992,0.124896795,0.09088206,0.15891153
143,1993,0.16565846,0.12817313,0.2031438
144,1994,0.23354977,0.19841294,0.2686866
145,1995,0.37686616,0.34365577,0.41007656
146,1996,0.2766894,0.24318004,0.31019878
147,1997,0.4223085,0.39009082,0.4545262
148,1998,0.57731646,0.54304415,0.6115888
149,1999,0.32448497,0.29283476,0.35613516
150,2000,0.3310848,0.29822788,0.36394167
151,2001,0.48928034,0.4580683,0.5204924
152,2002,0.5434665,0.51278186,0.57415116
153,2003,0.5441702,0.5112426,0.5770977
154,2004,0.46737072,0.43433833,0.5004031
155,2005,0.60686255,0.5757053,0.6380198
156,2006,0.5725527,0.541973,0.60313237
157,2007,0.5917013,0.56135315,0.6220495
158,2008,0.46564984,0.43265733,0.49864236
159,2009,0.5967817,0.56525564,0.6283077
160,2010,0.68037146,0.649076,0.7116669
161,2011,0.53769773,0.5060012,0.5693943
162,2012,0.5776071,0.5448553,0.6103589
163,2013,0.6235754,0.5884838,0.6586669
164,2014,0.67287165,0.63890487,0.7068384
165,2015,0.82511437,0.79128706,0.8589417
166,2016,0.93292713,0.90176356,0.96409065
167,2017,0.84517425,0.81477475,0.87557375
168,2018,0.762654,0.731052,0.79425603
169,2019,0.8910726,0.85678726,0.92535794
170,2020,0.9227938,0.8882121,0.9573755
171,2021,0.7618559,0.72544336,0.79826844
172,2022,0.80128413,0.7652511,0.8373171
173,2023,0.9680127,0.88795286,1.0480726
